imagename box_x1 box_y1 box_x2 box_y2
000005 1 1 377 375
000044 38 180 377 333
000047 338 144 500 244
000047 1 41 458 203
000050 1 188 500 375
000050 300 1 500 253
000063 13 17 119 98
000063 1 75 101 162
000089 1 183 292 374
000089 160 1 357 287
000093 161 1 282 137
000101 1 1 240 84
000112 269 96 295 121
000112 61 1 120 131
000112 1 68 105 343
000147 1 2 169 149
000192 250 1 500 375
000192 1 126 153 375
000203 207 1 475 241
000203 1 139 200 333
000208 1 1 278 248
000218 118 45 236 189
000218 1 186 405 333
000222 256 54 440 375
000229 1 35 322 375
000229 388 28 500 297
000235 1 109 500 375
000249 1 1 500 333
000282 237 1 362 374
000282 191 1 500 160
000285 392 264 461 331
000285 404 283 500 375
000285 276 31 411 375
000331 1 11 375 500
000349 1 1 468 375
000359 225 1 432 364
000359 1 1 143 287
000381 1 1 375 500
000428 216 1 500 346
000433 224 5 499 366
000459 150 1 321 225
000460 1 1 500 314
000492 199 1 500 345
000496 229 1 500 375
000526 364 199 500 333
000526 266 167 328 247
000526 13 1 260 212
000526 119 122 372 333
000550 1 1 434 262
000555 194 1 500 273
000564 184 1 500 333
000591 149 160 241 238
000592 72 65 331 281
000597 28 129 346 296
000598 1 1 467 341
000599 142 1 500 375
000613 146 144 418 333
000625 282 18 483 160
000632 145 1 500 256
000661 113 1 500 205
000661 1 94 500 375
000661 1 1 203 225
000684 118 58 375 341
000707 1 27 375 395
000709 95 19 213 144
000710 52 1 375 500
000717 238 230 334 375
000717 1 47 344 375
000761 10 7 500 375
000771 1 1 375 456
000780 1 1 500 218
000804 30 220 164 393
000830 11 1 350 375
000848 363 60 500 190
000854 206 1 448 311
000859 95 24 500 333
000859 1 21 263 261
000865 222 34 500 365
000903 170 111 275 219
000903 233 1 416 370
000903 38 25 294 403
000915 181 1 242 75
000915 1 1 323 375
000917 258 199 344 345
000917 1 218 399 360
000918 247 1 333 434
000921 107 1 297 375
000929 265 1 436 140
000929 28 1 500 254
000943 128 18 500 303
000943 382 80 473 237
000943 52 8 102 198
000948 208 48 437 239
000948 1 1 500 351
000948 255 1 500 140
000950 1 1 461 331
000950 339 1 414 193
000950 335 81 500 254
000996 1 1 441 224
001014 297 1 419 329
001014 1 143 397 375
001018 1 161 161 375
001018 1 32 384 375
001027 209 1 500 292
001028 1 137 180 256
001028 200 116 393 356
001028 130 1 406 96
001028 255 170 358 245
001106 57 112 236 282
001158 266 43 405 351
001158 45 1 500 280
001164 1 1 442 375
001174 1 1 422 368
001187 1 119 375 500
001204 333 144 484 262
001204 158 1 500 375
001211 1 128 409 500
001214 11 1 296 362
001231 332 1 500 219
001263 1 1 398 270
001279 14 1 223 134
001279 1 1 251 473
001279 29 155 130 268
001279 121 1 375 178
001343 93 166 287 311
001345 77 1 500 375
001350 75 1 348 375
001350 256 1 442 207
001352 50 229 129 276
001352 33 166 140 257
001393 77 1 500 375
001421 1 98 231 500
001439 1 211 375 500
001441 29 23 410 304
001443 1 1 137 374
001444 1 43 500 375
001457 276 89 444 245
001465 1 72 373 362
001517 30 112 421 287
001517 245 1 500 291
001529 1 1 500 375
001531 46 29 226 375
001531 133 53 335 287
001531 223 282 277 375
001548 121 1 414 330
001563 139 112 484 333
001577 132 4 500 168
001633 1 1 430 375
001649 7 83 270 447
001650 1 1 353 333
001651 1 18 375 145
001677 1 1 365 303
001678 4 68 304 260
001678 108 2 252 167
001683 320 120 433 249
001689 217 238 375 421
001689 271 42 375 325
001717 13 16 246 247
001729 1 1 334 199
001756 169 1 273 303
001756 1 1 364 350
001771 1 1 122 32
001771 1 1 332 219
001771 313 53 500 348
001777 155 1 500 226
001828 35 17 172 128
001837 201 270 375 500
001837 1 174 151 354
001837 1 431 56 500
001864 1 122 218 332
001864 1 240 126 308
001882 1 1 387 279
001887 185 287 289 375
001887 314 216 500 311
001901 80 1 319 500
001932 1 1 316 373
001944 157 240 460 348
001944 60 1 261 99
001963 15 85 140 240
001971 1 1 468 347
001971 60 1 248 99
001978 106 123 367 315
001995 32 1 162 294
001995 94 92 199 204
001995 230 39 375 192
001995 133 1 200 72
001999 128 53 484 375
001999 355 1 500 209
001999 163 1 353 194
001999 263 1 397 107
001999 356 79 438 141
001999 223 64 290 194
001999 297 15 349 87
002002 1 93 164 287
002025 88 153 375 321
002063 1 1 375 452
002064 444 17 500 306
002064 322 85 368 110
002090 1 1 199 300
002124 1 44 342 298
002156 205 134 500 286
002181 264 1 463 154
002181 348 68 475 171
002186 180 1 385 135
002194 82 1 500 326
002218 1 57 35 136
002221 118 1 201 59
002287 1 1 214 375
002305 1 1 144 159
002308 1 354 89 500
002308 39 1 113 334
002334 1 1 412 287
002362 1 1 425 349
002368 23 138 333 500
002404 45 1 500 230
002417 209 102 500 500
002417 1 73 341 387
002425 1 1 375 329
002442 1 1 375 154
002456 41 1 290 152
002456 239 78 500 253
002483 282 8 500 375
002492 132 1 500 375
002501 1 1 500 375
002501 1 1 249 217
002501 226 1 409 160
002501 388 1 500 199
002542 328 120 460 307
002542 214 1 448 375
002559 1 1 323 219
002559 326 1 496 166
002559 1 1 119 177
002559 251 1 418 117
002561 47 1 500 375
002561 199 58 360 202
002572 59 1 500 333
002589 145 4 239 149
002627 104 92 359 346
002627 1 1 228 377
002636 1 108 341 285
002645 1 23 500 332
002658 1 1 405 333
002696 235 260 400 374
002702 1 49 333 359
002747 32 92 322 289
002751 16 1 500 177
002751 354 54 500 176
002751 249 106 500 222
002767 61 1 368 272
002778 105 176 263 267
002798 251 122 365 226
002801 419 37 500 101
002801 262 1 346 46
002801 1 22 189 173
002803 211 1 431 235
002866 17 41 361 375
002910 1 1 397 284
002939 1 77 333 375
002939 86 134 262 262
002943 181 161 378 283
002947 23 161 268 389
002957 54 356 324 356
002957 137 1 230 118
002989 84 92 439 333
003004 295 1 500 160
003005 1 1 500 263
003011 45 71 441 280
003023 239 168 346 371
003023 1 1 265 434
003023 127 257 265 461
003023 1 349 273 500
003024 186 1 300 96
003034 119 1 500 238
003034 28 1 229 305
003042 35 1 170 140
003042 1 1 408 177
003042 93 1 145 77
003042 195 111 380 155
003056 44 222 469 375
003061 80 1 500 201
003077 27 18 447 321
003077 209 32 331 292
003077 236 178 286 293
003077 159 144 224 190
003078 1 1 127 259
003078 207 36 500 326
003120 1 1 500 375
003129 16 168 110 218
003129 1 146 47 225
003129 1 146 160 257
003185 1 1 500 285
003185 219 188 351 323
003185 1 138 347 375
003186 49 37 500 332
003202 210 5 451 201
003205 1 1 333 500
003205 1 161 91 389
003205 215 160 306 316
003216 1 7 185 253
003216 22 68 111 127
003216 42 112 147 192
003219 9 23 334 229
003239 72 15 416 375
003259 1 34 191 204
003259 1 1 480 333
003284 1 213 118 375
003300 92 77 369 332
003308 1 1 174 500
003335 40 90 318 326
003335 256 151 307 202
003350 1 15 170 188
003360 135 1 333 417
003360 1 155 69 327
003376 16 67 356 375
003401 30 1 500 281
003421 50 102 375 500
003422 193 1 492 190
003433 93 1 326 323
003451 119 55 389 258
003452 91 178 333 422
003461 319 1 400 84
003461 220 280 274 333
003477 149 1 500 375
003510 112 129 288 309
003516 1 1 500 291
003518 62 1 281 188
003518 130 1 227 82
003518 1 1 146 196
003518 63 1 188 39
003521 41 1 360 259
003521 221 88 416 236
003588 1 1 495 333
003609 1 15 320 170
003638 463 1 500 288
003638 1 185 272 375
003638 350 1 426 252
003638 380 1 500 375
003644 146 105 307 235
003644 212 1 500 281
003644 1 1 191 113
003662 102 1 333 332
003664 270 105 406 285
003664 352 195 500 336
003664 1 1 412 313
003664 158 203 243 285
003694 1 10 461 272
003708 1 41 138 191
003708 231 1 375 325
003751 215 105 326 194
003767 24 1 348 290
003767 181 1 500 223
003767 179 235 296 316
003767 213 157 251 207
003791 1 237 279 375
003837 1 83 329 366
003857 1 18 263 208
003859 168 45 375 246
003865 28 1 424 375
003907 18 50 299 202
003923 281 250 423 333
003923 20 228 108 255
003923 219 190 301 232
003923 286 209 387 272
003923 247 209 319 264
003923 1 1 500 201
003947 1 142 284 500
003988 129 30 448 336
004012 180 201 285 464
004014 135 1 326 143
004014 231 1 375 414
004014 322 80 375 206
004014 290 1 375 152
004014 1 1 164 172
004028 220 1 500 375
004028 164 115 500 224
004028 134 1 356 265
004047 1 76 181 259
004093 1 1 496 333
004105 166 144 500 375
004106 310 150 500 375
004106 1 168 194 375
004111 258 1 476 375
004142 46 1 141 209
004142 1 1 350 341
004142 184 1 295 122
004149 1 1 211 173
004164 51 36 270 325
004193 117 17 465 252
004201 1 1 253 228
004201 226 1 500 375
004253 16 1 500 375
004257 1 1 260 333
004259 35 24 435 314
004270 216 1 500 296
004310 417 128 500 302
004310 337 4 467 128
004364 121 1 463 332
004392 314 177 432 292
004405 1 1 74 280
004405 1 1 333 378
004421 1 167 214 362
004484 1 1 500 231
004496 46 1 215 115
004496 257 129 330 214
004510 95 83 500 279
004510 1 198 450 259
004512 176 1 500 271
004512 29 1 48 16
004512 25 1 95 211
004549 1 1 500 292
004574 1 333 144 462
004597 1 101 500 375
004597 279 1 500 95
004597 40 77 130 259
004607 1 1 500 375
004611 136 257 500 375
004611 16 1 114 279
004631 1 59 142 448
004655 330 150 500 321
004655 246 1 457 182
004655 305 111 442 201
004692 1 1 375 444
004692 55 1 161 252
004692 39 52 103 198
004714 1 1 496 223
004732 1 1 247 500
004732 187 134 375 356
004735 1 9 246 375
004742 1 1 500 241
004753 258 5 405 152
004753 1 1 108 149
004773 67 30 375 408
004785 1 1 134 114
004785 9 1 266 194
004785 135 1 408 130
004818 120 1 500 400
004837 110 1 394 216
004857 338 45 481 183
004857 1 1 500 222
004859 1 1 291 332
004912 147 308 309 359
004912 407 227 500 375
004912 488 277 500 296
004926 12 1 180 170
004939 1 1 245 107
004956 57 128 333 389
004984 59 1 500 375
004984 167 1 416 185
004984 421 1 500 266
004986 142 203 257 394
004991 127 1 500 235
004994 1 1 246 258
005014 54 1 342 216
005014 297 1 500 375
005014 1 1 133 312
005027 1 1 218 248
005055 79 1 500 347
005085 1 114 297 500
005086 1 1 192 185
005086 37 97 332 261
005129 52 1 500 262
005135 1 1 194 248
005153 1 1 500 234
005160 1 1 299 193
005186 1 46 367 339
005191 259 1 500 205
005195 30 68 500 333
005195 145 187 306 277
005212 306 1 500 333
005345 117 1 373 211
005349 195 1 410 102
005349 90 143 455 375
005378 1 27 500 374
005380 1 217 276 500
005397 7 1 500 297
005397 6 1 231 165
005438 282 145 491 332
005439 1 1 467 217
005454 220 1 445 218
005465 252 179 436 345
005465 1 164 370 375
005471 139 1 363 238
005471 1 1 189 192
005471 41 221 191 333
005471 64 292 163 333
005508 67 1 375 500
005517 183 1 500 333
005517 1 1 169 82
005531 1 1 375 383
005591 49 30 243 375
005605 214 78 500 375
005618 184 65 445 375
005618 139 55 377 199
005618 1 18 311 310
005618 276 1 500 227
005629 1 1 357 187
005647 1 1 500 375
005662 144 84 375 281
005672 199 1 332 105
005686 1 1 500 244
005687 87 55 460 333
005697 59 1 500 330
005701 1 146 297 365
005710 249 115 497 333
005718 1 22 170 359
005718 59 149 470 386
005723 5 46 500 391
005730 1 202 266 333
005730 214 208 359 326
005773 1 137 434 497
005773 1 207 227 387
005773 148 78 434 302
005773 121 142 202 278
005773 283 190 434 409
005784 132 62 498 442
005784 6 8 317 193
005784 355 6 497 108
005784 7 7 144 78
005784 397 182 481 280
005794 134 25 495 235
005811 77 150 500 375
005811 321 78 451 296
005821 265 198 414 329
005821 277 239 376 294
005821 1 1 377 277
005821 1 162 160 310
005821 234 215 288 268
005821 444 123 482 170
005863 1 1 500 331
005863 1 116 109 296
005863 351 50 500 375
005863 414 1 500 218
005864 288 1 431 220
005867 90 1 500 349
005917 208 22 384 375
005920 238 122 357 375
005920 203 1 500 375
005920 291 162 415 328
005923 358 1 428 91
005923 317 9 415 264
005938 107 1 230 162
005938 177 1 499 313
005938 440 119 498 266
005938 1 1 264 313
005963 127 1 500 342
006000 203 257 439 363
006000 1 202 237 307
006004 93 1 333 198
006004 17 1 92 270
006005 183 328 362 431
006005 1 1 284 10
006005 1 325 260 500
006020 1 1 437 229
006027 73 47 352 210
006027 33 1 500 344
006029 58 1 495 161
006030 1 59 466 375
006045 27 1 500 375
006055 150 1 500 375
006066 1 1 214 333
006078 132 23 500 375
006088 1 65 468 375
006100 1 34 283 303
006185 1 98 124 271
006185 182 107 224 209
006185 413 173 500 236
006220 1 1 350 318
006241 1 1 386 202
006259 43 39 333 200
006259 1 1 333 500
006270 1 26 384 375
006286 342 1 500 238
006286 348 149 417 208
006286 81 73 218 190
006286 436 5 500 163
006289 1 1 304 255
006321 1 54 193 245
006339 79 1 456 141
006339 1 1 500 375
006348 142 1 424 213
006348 4 88 500 375
006381 178 64 314 270
006381 190 81 500 375
006391 54 1 375 232
006395 20 1 500 375
006419 46 1 298 500
006424 1 147 359 375
006447 9 26 310 233
006509 1 1 333 363
006530 27 60 260 212
006553 154 1 366 400
006599 144 93 281 211
006599 221 22 333 160
006605 242 1 500 375
006627 185 1 436 229
006628 155 1 500 272
006658 1 1 487 128
006658 205 1 333 109
006658 154 114 500 319
006677 1 41 413 500
006689 1 54 438 289
006690 275 1 500 333
006690 90 11 369 322
006696 124 95 218 288
006696 339 25 500 126
006707 235 55 500 321
006707 1 1 254 242
006755 5 45 252 229
006765 114 1 376 378
006768 1 1 422 500
006819 1 1 315 375
006824 1 1 190 311
006845 189 173 317 298
006845 249 225 385 289
006852 75 47 423 252
006876 93 1 500 333
006876 74 74 167 180
006876 293 1 500 191
006886 1 68 418 254
006887 266 143 465 375
006887 387 22 463 66
006887 1 110 380 375
006892 114 1 500 324
006912 173 1 281 111
006912 111 1 305 219
006912 316 65 500 220
006912 308 1 369 109
006963 1 29 117 159
006963 1 118 132 215
006963 79 52 500 307
006963 100 1 370 161
006972 284 1 500 201
006976 1 1 375 398
006995 171 4 500 375
007006 1 18 500 375
007021 198 1 500 172
007023 127 6 375 388
007023 69 30 139 147
007042 33 1 500 375
007046 1 1 188 342
007046 1 157 304 463
007064 1 33 500 375
007077 1 281 147 332
007077 178 263 456 332
007078 1 1 500 256
007093 83 99 230 355
007117 446 96 500 217
007117 305 67 500 302
007177 73 1 225 181
007177 1 1 333 287
007177 1 1 141 188
007177 23 57 122 118
007180 247 122 275 306
007180 1 1 375 500
007191 1 92 347 282
007212 248 1 431 333
007213 125 7 500 375
007219 137 30 375 500
007263 1 1 232 288
007266 1 1 291 315
007311 1 53 307 302
007311 207 1 500 308
007327 243 217 500 350
007327 84 166 452 306
007327 122 222 303 299
007350 6 13 441 360
007369 390 45 470 128
007369 426 96 500 203
007373 73 12 468 209
007390 35 69 500 273
007416 81 1 252 182
007416 273 15 448 78
007432 159 101 500 338
007435 30 148 332 361
007443 1 103 323 320
007458 1 1 341 159
007466 96 1 435 186
007493 91 1 500 375
007493 245 110 356 208
007530 1 272 355 407
007530 251 1 365 200
007538 1 77 500 375
007544 119 79 484 349
007558 78 1 317 254
007572 155 47 339 240
007572 155 96 239 207
007619 27 67 325 333
007631 1 64 235 185
007664 1 1 439 375
007720 298 276 500 375
007720 237 317 377 375
007720 285 279 386 283
007720 37 44 500 375
007724 70 49 139 116
007724 176 30 418 198
007732 1 88 266 375
007732 1 1 500 266
007735 1 1 439 298
007754 47 3 340 269
007762 67 14 287 147
007762 286 18 364 94
007790 69 1 345 239
007795 171 118 302 239
007799 185 98 500 331
007812 1 40 198 375
007826 1 109 396 375
007865 26 125 178 328
007909 1 30 270 157
007923 140 1 424 235
007959 26 77 334 220
007996 186 1 377 184
008063 1 1 500 375
008063 66 102 333 308
008072 112 1 300 163
008072 233 1 354 166
008076 104 72 485 296
008106 1 1 375 346
008122 1 1 496 333
008122 212 164 500 333
008122 1 3 131 333
008127 1 1 148 334
008127 194 55 273 329
008144 1 321 261 500
008144 255 380 361 435
008151 167 51 454 246
008159 1 1 239 334
008171 284 61 420 270
008171 17 55 281 321
008171 1 138 124 289
008190 20 282 382 374
008190 217 129 434 367
008190 5 275 182 329
008190 358 297 403 317
008199 51 93 202 312
008199 58 197 135 312
008213 64 1 500 224
008216 162 291 375 500
008272 119 1 350 181
008284 104 1 500 375
008284 104 1 334 84
008341 56 1 467 333
008341 384 1 500 135
008341 275 1 356 168
008341 1 1 128 174
008385 241 300 369 500
008386 1 1 371 375
008390 32 54 199 226
008390 1 1 138 440
008390 26 1 375 143
008390 34 151 89 222
008413 206 1 277 110
008413 1 1 500 158
008413 245 1 345 248
008453 108 1 500 400
008462 1 1 500 347
008468 128 61 256 146
008470 107 115 299 375
008470 227 167 288 220
008470 176 1 423 194
008470 95 1 212 166
008542 1 1 166 162
008556 222 1 492 83
008582 55 9 320 197
008624 153 46 349 284
008624 1 71 233 375
008628 132 1 375 298
008655 1 1 375 381
008717 95 1 500 375
008728 1 112 111 214
008733 81 1 500 300
008760 27 1 500 285
008783 1 1 500 375
008814 208 1 500 332
008874 1 1 500 275
008888 55 1 500 375
008931 189 1 252 178
008931 343 1 469 237
008936 1 1 500 375
008948 1 1 368 375
008961 1 23 317 384
008961 133 96 268 336
008975 1 1 500 375
008983 1 1 500 203
008983 129 1 197 110
008997 1 138 347 445
009048 9 1 375 226
009051 107 55 415 240
009068 119 37 335 293
009068 1 90 264 375
009072 1 1 103 110
009072 1 1 340 125
009087 254 1 500 245
009087 349 125 500 375
009123 94 154 440 301
009136 267 1 500 375
009136 217 1 279 183
009151 274 1 454 256
009157 1 1 500 231
009159 1 106 469 375
009162 235 75 453 323
009200 1 1 500 375
009247 265 1 500 167
009247 232 191 500 333
009247 80 200 258 317
009247 170 130 299 244
009249 70 175 385 269
009252 1 1 151 311
009273 226 1 500 346
009273 360 199 471 306
009273 173 1 329 299
009279 282 8 467 184
009279 186 1 500 402
009290 1 28 500 333
009333 1 149 129 262
009333 334 26 500 246
009333 1 228 500 375
009333 88 1 500 137
009339 287 1 500 375
009343 1 1 288 334
009343 384 79 500 313
009343 81 155 282 269
009343 295 98 376 269
009359 1 1 500 281
009374 129 1 500 334
009374 384 162 455 314
009374 441 1 477 334
009388 1 121 334 375
009413 133 315 500 500
009413 393 83 499 204
009413 259 32 499 386
009420 1 48 496 375
009437 120 1 500 375
009437 1 1 313 205
009437 274 74 423 215
009454 320 1 500 375
009466 1 1 243 450
009481 1 1 500 375
009481 1 1 144 230
009484 103 1 487 375
009520 258 1 500 335
009520 1 1 311 359
009526 53 123 313 500
009541 257 81 375 375
009541 80 321 375 500
009543 1 1 500 324
009550 207 161 375 432
009577 121 1 500 161
009613 3 88 374 499
009617 324 72 500 375
009638 333 84 488 262
009647 215 29 500 375
009647 274 265 500 375
009647 140 1 354 115
009649 279 1 500 222
009649 1 1 500 331
009659 1 5 500 141
009659 1 267 96 375
009659 126 36 241 126
009659 83 47 180 170
009713 206 1 500 66
009721 1 78 310 500
009735 83 229 294 427
009735 1 266 147 431
009735 46 349 133 429
009735 84 326 144 361
009746 94 1 500 375
009758 1 1 262 183
009773 1 1 482 298
009792 1 2 218 294
009819 333 1 495 207
009819 353 1 444 52
009825 1 174 144 346
009828 1 132 96 235
009828 226 35 317 211
009833 1 219 404 371
009872 42 129 486 312
009917 76 1 450 245
009935 1 1 500 375
009949 1 1 244 246
